2022/04/05-13:49:29.004387 7f12762c8000 RocksDB version: 6.20.3
2022/04/05-13:49:29.004706 7f12762c8000 Git sha 8608d75d85f8e1b3b64b73a4fb6d19baec61ba5c
2022/04/05-13:49:29.004727 7f12762c8000 Compile date 2021-05-05 20:35:30
2022/04/05-13:49:29.331822 7f12762c8000 DB SUMMARY
2022/04/05-13:49:29.331850 7f12762c8000 DB Session ID:  HQGZXT4V8EVR8ZPQFGCC
2022/04/05-13:49:29.332092 7f12762c8000 CURRENT file:  CURRENT
2022/04/05-13:49:29.332101 7f12762c8000 IDENTITY file:  IDENTITY
2022/04/05-13:49:29.332119 7f12762c8000 MANIFEST file:  MANIFEST-000086 size: 2646 Bytes
2022/04/05-13:49:29.332126 7f12762c8000 SST files in test-ledger/rocksdb dir, Total Num: 7, files: 000079.sst 000080.sst 000081.sst 000082.sst 000083.sst 000084.sst 000085.sst 
2022/04/05-13:49:29.332131 7f12762c8000 Write Ahead Log file in test-ledger/rocksdb: 000087.log size: 7549835 ; 
2022/04/05-13:49:29.332138 7f12762c8000                         Options.error_if_exists: 0
2022/04/05-13:49:29.332142 7f12762c8000                       Options.create_if_missing: 1
2022/04/05-13:49:29.332146 7f12762c8000                         Options.paranoid_checks: 1
2022/04/05-13:49:29.332149 7f12762c8000                               Options.track_and_verify_wals_in_manifest: 0
2022/04/05-13:49:29.332153 7f12762c8000                                     Options.env: 0x5637ac804420
2022/04/05-13:49:29.332158 7f12762c8000                                      Options.fs: Posix File System
2022/04/05-13:49:29.332162 7f12762c8000                                Options.info_log: 0x5637ae350580
2022/04/05-13:49:29.332166 7f12762c8000                Options.max_file_opening_threads: 16
2022/04/05-13:49:29.332169 7f12762c8000                              Options.statistics: (nil)
2022/04/05-13:49:29.332174 7f12762c8000                               Options.use_fsync: 0
2022/04/05-13:49:29.332177 7f12762c8000                       Options.max_log_file_size: 0
2022/04/05-13:49:29.332181 7f12762c8000                  Options.max_manifest_file_size: 1073741824
2022/04/05-13:49:29.332185 7f12762c8000                   Options.log_file_time_to_roll: 0
2022/04/05-13:49:29.332188 7f12762c8000                       Options.keep_log_file_num: 1000
2022/04/05-13:49:29.332192 7f12762c8000                    Options.recycle_log_file_num: 0
2022/04/05-13:49:29.332195 7f12762c8000                         Options.allow_fallocate: 1
2022/04/05-13:49:29.332199 7f12762c8000                        Options.allow_mmap_reads: 0
2022/04/05-13:49:29.332202 7f12762c8000                       Options.allow_mmap_writes: 0
2022/04/05-13:49:29.332205 7f12762c8000                        Options.use_direct_reads: 0
2022/04/05-13:49:29.332209 7f12762c8000                        Options.use_direct_io_for_flush_and_compaction: 0
2022/04/05-13:49:29.332213 7f12762c8000          Options.create_missing_column_families: 1
2022/04/05-13:49:29.332216 7f12762c8000                              Options.db_log_dir: 
2022/04/05-13:49:29.332221 7f12762c8000                                 Options.wal_dir: test-ledger/rocksdb
2022/04/05-13:49:29.332224 7f12762c8000                Options.table_cache_numshardbits: 6
2022/04/05-13:49:29.332228 7f12762c8000                         Options.WAL_ttl_seconds: 0
2022/04/05-13:49:29.332232 7f12762c8000                       Options.WAL_size_limit_MB: 0
2022/04/05-13:49:29.332235 7f12762c8000                        Options.max_write_batch_group_size_bytes: 1048576
2022/04/05-13:49:29.332239 7f12762c8000             Options.manifest_preallocation_size: 4194304
2022/04/05-13:49:29.332242 7f12762c8000                     Options.is_fd_close_on_exec: 1
2022/04/05-13:49:29.332246 7f12762c8000                   Options.advise_random_on_open: 1
2022/04/05-13:49:29.332250 7f12762c8000                    Options.db_write_buffer_size: 0
2022/04/05-13:49:29.332303 7f12762c8000                    Options.write_buffer_manager: 0x5637ae3e3790
2022/04/05-13:49:29.332310 7f12762c8000         Options.access_hint_on_compaction_start: 1
2022/04/05-13:49:29.332315 7f12762c8000  Options.new_table_reader_for_compaction_inputs: 0
2022/04/05-13:49:29.332321 7f12762c8000           Options.random_access_max_buffer_size: 1048576
2022/04/05-13:49:29.332410 7f12762c8000                      Options.use_adaptive_mutex: 0
2022/04/05-13:49:29.332422 7f12762c8000                            Options.rate_limiter: (nil)
2022/04/05-13:49:29.332429 7f12762c8000     Options.sst_file_manager.rate_bytes_per_sec: 0
2022/04/05-13:49:29.332436 7f12762c8000                       Options.wal_recovery_mode: 2
2022/04/05-13:49:29.332441 7f12762c8000                  Options.enable_thread_tracking: 0
2022/04/05-13:49:29.332445 7f12762c8000                  Options.enable_pipelined_write: 0
2022/04/05-13:49:29.332449 7f12762c8000                  Options.unordered_write: 0
2022/04/05-13:49:29.332452 7f12762c8000         Options.allow_concurrent_memtable_write: 1
2022/04/05-13:49:29.332456 7f12762c8000      Options.enable_write_thread_adaptive_yield: 1
2022/04/05-13:49:29.332460 7f12762c8000             Options.write_thread_max_yield_usec: 100
2022/04/05-13:49:29.332463 7f12762c8000            Options.write_thread_slow_yield_usec: 3
2022/04/05-13:49:29.332467 7f12762c8000                               Options.row_cache: None
2022/04/05-13:49:29.332470 7f12762c8000                              Options.wal_filter: None
2022/04/05-13:49:29.332475 7f12762c8000             Options.avoid_flush_during_recovery: 0
2022/04/05-13:49:29.332478 7f12762c8000             Options.allow_ingest_behind: 0
2022/04/05-13:49:29.332482 7f12762c8000             Options.preserve_deletes: 0
2022/04/05-13:49:29.332485 7f12762c8000             Options.two_write_queues: 0
2022/04/05-13:49:29.332489 7f12762c8000             Options.manual_wal_flush: 0
2022/04/05-13:49:29.332493 7f12762c8000             Options.atomic_flush: 0
2022/04/05-13:49:29.332496 7f12762c8000             Options.avoid_unnecessary_blocking_io: 0
2022/04/05-13:49:29.332500 7f12762c8000                 Options.persist_stats_to_disk: 0
2022/04/05-13:49:29.332504 7f12762c8000                 Options.write_dbid_to_manifest: 0
2022/04/05-13:49:29.332508 7f12762c8000                 Options.log_readahead_size: 0
2022/04/05-13:49:29.332512 7f12762c8000                 Options.file_checksum_gen_factory: Unknown
2022/04/05-13:49:29.332517 7f12762c8000                 Options.best_efforts_recovery: 0
2022/04/05-13:49:29.332520 7f12762c8000                Options.max_bgerror_resume_count: 2147483647
2022/04/05-13:49:29.332524 7f12762c8000            Options.bgerror_resume_retry_interval: 1000000
2022/04/05-13:49:29.332527 7f12762c8000             Options.allow_data_in_errors: 0
2022/04/05-13:49:29.332531 7f12762c8000             Options.db_host_id: __hostname__
2022/04/05-13:49:29.332535 7f12762c8000             Options.max_background_jobs: 4
2022/04/05-13:49:29.332539 7f12762c8000             Options.max_background_compactions: -1
2022/04/05-13:49:29.332542 7f12762c8000             Options.max_subcompactions: 1
2022/04/05-13:49:29.332546 7f12762c8000             Options.avoid_flush_during_shutdown: 0
2022/04/05-13:49:29.332549 7f12762c8000           Options.writable_file_max_buffer_size: 1048576
2022/04/05-13:49:29.332553 7f12762c8000             Options.delayed_write_rate : 16777216
2022/04/05-13:49:29.332557 7f12762c8000             Options.max_total_wal_size: 4294967296
2022/04/05-13:49:29.332561 7f12762c8000             Options.delete_obsolete_files_period_micros: 21600000000
2022/04/05-13:49:29.332565 7f12762c8000                   Options.stats_dump_period_sec: 600
2022/04/05-13:49:29.332568 7f12762c8000                 Options.stats_persist_period_sec: 600
2022/04/05-13:49:29.332572 7f12762c8000                 Options.stats_history_buffer_size: 1048576
2022/04/05-13:49:29.332575 7f12762c8000                          Options.max_open_files: -1
2022/04/05-13:49:29.332579 7f12762c8000                          Options.bytes_per_sync: 0
2022/04/05-13:49:29.332582 7f12762c8000                      Options.wal_bytes_per_sync: 0
2022/04/05-13:49:29.332586 7f12762c8000                   Options.strict_bytes_per_sync: 0
2022/04/05-13:49:29.332589 7f12762c8000       Options.compaction_readahead_size: 0
2022/04/05-13:49:29.332643 7f12762c8000                  Options.max_background_flushes: -1
2022/04/05-13:49:29.332650 7f12762c8000 Compression algorithms supported:
2022/04/05-13:49:29.332656 7f12762c8000 	kZSTDNotFinalCompression supported: 0
2022/04/05-13:49:29.332662 7f12762c8000 	kZSTD supported: 0
2022/04/05-13:49:29.332667 7f12762c8000 	kXpressCompression supported: 0
2022/04/05-13:49:29.332672 7f12762c8000 	kLZ4HCCompression supported: 1
2022/04/05-13:49:29.332676 7f12762c8000 	kLZ4Compression supported: 1
2022/04/05-13:49:29.332680 7f12762c8000 	kBZip2Compression supported: 0
2022/04/05-13:49:29.332684 7f12762c8000 	kZlibCompression supported: 0
2022/04/05-13:49:29.332688 7f12762c8000 	kSnappyCompression supported: 0
2022/04/05-13:49:29.332697 7f12762c8000 Fast CRC32 supported: Not supported on x86
2022/04/05-13:49:29.379939 7f12762c8000 [db/version_set.cc:4627] Recovering from manifest file: test-ledger/rocksdb/MANIFEST-000086
2022/04/05-13:49:29.423617 7f12762c8000 [db/column_family.cc:598] --------------- Options for column family [default]:
2022/04/05-13:49:29.423636 7f12762c8000               Options.comparator: leveldb.BytewiseComparator
2022/04/05-13:49:29.423642 7f12762c8000           Options.merge_operator: None
2022/04/05-13:49:29.423646 7f12762c8000        Options.compaction_filter: None
2022/04/05-13:49:29.423650 7f12762c8000        Options.compaction_filter_factory: None
2022/04/05-13:49:29.423653 7f12762c8000  Options.sst_partitioner_factory: None
2022/04/05-13:49:29.423657 7f12762c8000         Options.memtable_factory: SkipListFactory
2022/04/05-13:49:29.423661 7f12762c8000            Options.table_factory: BlockBasedTable
2022/04/05-13:49:29.423758 7f12762c8000            table_factory options:   flush_block_policy_factory: FlushBlockBySizePolicyFactory (0x5637ae3dd1a0)
  cache_index_and_filter_blocks: 0
  cache_index_and_filter_blocks_with_high_priority: 1
  pin_l0_filter_and_index_blocks_in_cache: 0
  pin_top_level_index_and_filter: 1
  index_type: 0
  data_block_index_type: 0
  index_shortening: 1
  data_block_hash_table_util_ratio: 0.750000
  hash_index_allow_collision: 1
  checksum: 1
  no_block_cache: 0
  block_cache: 0x5637ae3ddd10
  block_cache_name: LRUCache
  block_cache_options:
    capacity : 8388608
    num_shard_bits : 4
    strict_capacity_limit : 0
    memory_allocator : None
    high_pri_pool_ratio: 0.000
  block_cache_compressed: (nil)
  persistent_cache: (nil)
  block_size: 4096
  block_size_deviation: 10
  block_restart_interval: 16
  index_block_restart_interval: 1
  metadata_block_size: 4096
  partition_filters: 0
  use_delta_encoding: 1
  filter_policy: nullptr
  whole_key_filtering: 1
  verify_compression: 0
  read_amp_bytes_per_bit: 0
  format_version: 5
  enable_index_compression: 1
  block_align: 0
2022/04/05-13:49:29.423764 7f12762c8000        Options.write_buffer_size: 67108864
2022/04/05-13:49:29.423768 7f12762c8000  Options.max_write_buffer_number: 2
2022/04/05-13:49:29.423772 7f12762c8000          Options.compression: NoCompression
2022/04/05-13:49:29.423776 7f12762c8000                  Options.bottommost_compression: Disabled
2022/04/05-13:49:29.423779 7f12762c8000       Options.prefix_extractor: nullptr
2022/04/05-13:49:29.423783 7f12762c8000   Options.memtable_insert_with_hint_prefix_extractor: nullptr
2022/04/05-13:49:29.423787 7f12762c8000             Options.num_levels: 7
2022/04/05-13:49:29.423790 7f12762c8000        Options.min_write_buffer_number_to_merge: 1
2022/04/05-13:49:29.423794 7f12762c8000     Options.max_write_buffer_number_to_maintain: 0
2022/04/05-13:49:29.423797 7f12762c8000     Options.max_write_buffer_size_to_maintain: 0
2022/04/05-13:49:29.423801 7f12762c8000            Options.bottommost_compression_opts.window_bits: -14
2022/04/05-13:49:29.423804 7f12762c8000                  Options.bottommost_compression_opts.level: 32767
2022/04/05-13:49:29.423808 7f12762c8000               Options.bottommost_compression_opts.strategy: 0
2022/04/05-13:49:29.423811 7f12762c8000         Options.bottommost_compression_opts.max_dict_bytes: 0
2022/04/05-13:49:29.423907 7f12762c8000         Options.bottommost_compression_opts.zstd_max_train_bytes: 0
2022/04/05-13:49:29.423917 7f12762c8000         Options.bottommost_compression_opts.parallel_threads: 1
2022/04/05-13:49:29.423921 7f12762c8000                  Options.bottommost_compression_opts.enabled: false
2022/04/05-13:49:29.423925 7f12762c8000         Options.bottommost_compression_opts.max_dict_buffer_bytes: 0
2022/04/05-13:49:29.423929 7f12762c8000            Options.compression_opts.window_bits: -14
2022/04/05-13:49:29.423933 7f12762c8000                  Options.compression_opts.level: 32767
2022/04/05-13:49:29.423937 7f12762c8000               Options.compression_opts.strategy: 0
2022/04/05-13:49:29.423941 7f12762c8000         Options.compression_opts.max_dict_bytes: 0
2022/04/05-13:49:29.423945 7f12762c8000         Options.compression_opts.zstd_max_train_bytes: 0
2022/04/05-13:49:29.423949 7f12762c8000         Options.compression_opts.parallel_threads: 1
2022/04/05-13:49:29.423952 7f12762c8000                  Options.compression_opts.enabled: false
2022/04/05-13:49:29.423956 7f12762c8000         Options.compression_opts.max_dict_buffer_bytes: 0
2022/04/05-13:49:29.423960 7f12762c8000      Options.level0_file_num_compaction_trigger: 4
2022/04/05-13:49:29.423964 7f12762c8000          Options.level0_slowdown_writes_trigger: 20
2022/04/05-13:49:29.423968 7f12762c8000              Options.level0_stop_writes_trigger: 36
2022/04/05-13:49:29.423972 7f12762c8000                   Options.target_file_size_base: 67108864
2022/04/05-13:49:29.423976 7f12762c8000             Options.target_file_size_multiplier: 1
2022/04/05-13:49:29.423980 7f12762c8000                Options.max_bytes_for_level_base: 268435456
2022/04/05-13:49:29.423984 7f12762c8000 Options.level_compaction_dynamic_level_bytes: 0
2022/04/05-13:49:29.423988 7f12762c8000          Options.max_bytes_for_level_multiplier: 10.000000
2022/04/05-13:49:29.423997 7f12762c8000 Options.max_bytes_for_level_multiplier_addtl[0]: 1
2022/04/05-13:49:29.424001 7f12762c8000 Options.max_bytes_for_level_multiplier_addtl[1]: 1
2022/04/05-13:49:29.424006 7f12762c8000 Options.max_bytes_for_level_multiplier_addtl[2]: 1
2022/04/05-13:49:29.424010 7f12762c8000 Options.max_bytes_for_level_multiplier_addtl[3]: 1
2022/04/05-13:49:29.424013 7f12762c8000 Options.max_bytes_for_level_multiplier_addtl[4]: 1
2022/04/05-13:49:29.424017 7f12762c8000 Options.max_bytes_for_level_multiplier_addtl[5]: 1
2022/04/05-13:49:29.424021 7f12762c8000 Options.max_bytes_for_level_multiplier_addtl[6]: 1
2022/04/05-13:49:29.424025 7f12762c8000       Options.max_sequential_skip_in_iterations: 8
2022/04/05-13:49:29.424029 7f12762c8000                    Options.max_compaction_bytes: 1677721600
2022/04/05-13:49:29.424033 7f12762c8000                        Options.arena_block_size: 8388608
2022/04/05-13:49:29.424037 7f12762c8000   Options.soft_pending_compaction_bytes_limit: 68719476736
2022/04/05-13:49:29.424041 7f12762c8000   Options.hard_pending_compaction_bytes_limit: 274877906944
2022/04/05-13:49:29.424045 7f12762c8000       Options.rate_limit_delay_max_milliseconds: 100
2022/04/05-13:49:29.424049 7f12762c8000                Options.disable_auto_compactions: 0
2022/04/05-13:49:29.424055 7f12762c8000                        Options.compaction_style: kCompactionStyleLevel
2022/04/05-13:49:29.424061 7f12762c8000                          Options.compaction_pri: kMinOverlappingRatio
2022/04/05-13:49:29.424064 7f12762c8000 Options.compaction_options_universal.size_ratio: 1
2022/04/05-13:49:29.424068 7f12762c8000 Options.compaction_options_universal.min_merge_width: 2
2022/04/05-13:49:29.424072 7f12762c8000 Options.compaction_options_universal.max_merge_width: 4294967295
2022/04/05-13:49:29.424076 7f12762c8000 Options.compaction_options_universal.max_size_amplification_percent: 200
2022/04/05-13:49:29.424080 7f12762c8000 Options.compaction_options_universal.compression_size_percent: -1
2022/04/05-13:49:29.424085 7f12762c8000 Options.compaction_options_universal.stop_style: kCompactionStopStyleTotalSize
2022/04/05-13:49:29.424112 7f12762c8000 Options.compaction_options_fifo.max_table_files_size: 1073741824
2022/04/05-13:49:29.424118 7f12762c8000 Options.compaction_options_fifo.allow_compaction: 0
2022/04/05-13:49:29.424136 7f12762c8000                   Options.table_properties_collectors: 
2022/04/05-13:49:29.424141 7f12762c8000                   Options.inplace_update_support: 0
2022/04/05-13:49:29.424145 7f12762c8000                 Options.inplace_update_num_locks: 10000
2022/04/05-13:49:29.424149 7f12762c8000               Options.memtable_prefix_bloom_size_ratio: 0.000000
2022/04/05-13:49:29.424154 7f12762c8000               Options.memtable_whole_key_filtering: 0
2022/04/05-13:49:29.424158 7f12762c8000   Options.memtable_huge_page_size: 0
2022/04/05-13:49:29.424162 7f12762c8000                           Options.bloom_locality: 0
2022/04/05-13:49:29.424166 7f12762c8000                    Options.max_successive_merges: 0
2022/04/05-13:49:29.424170 7f12762c8000                Options.optimize_filters_for_hits: 0
2022/04/05-13:49:29.424174 7f12762c8000                Options.paranoid_file_checks: 0
2022/04/05-13:49:29.424178 7f12762c8000                Options.force_consistency_checks: 1
2022/04/05-13:49:29.424182 7f12762c8000                Options.report_bg_io_stats: 0
2022/04/05-13:49:29.424185 7f12762c8000                               Options.ttl: 2592000
2022/04/05-13:49:29.424189 7f12762c8000          Options.periodic_compaction_seconds: 0
2022/04/05-13:49:29.424193 7f12762c8000                    Options.enable_blob_files: false
2022/04/05-13:49:29.424197 7f12762c8000                        Options.min_blob_size: 0
2022/04/05-13:49:29.424201 7f12762c8000                       Options.blob_file_size: 268435456
2022/04/05-13:49:29.424205 7f12762c8000                Options.blob_compression_type: NoCompression
2022/04/05-13:49:29.424209 7f12762c8000       Options.enable_blob_garbage_collection: false
2022/04/05-13:49:29.424213 7f12762c8000   Options.blob_garbage_collection_age_cutoff: 0.250000
2022/04/05-13:49:29.524117 7f12762c8000 [db/column_family.cc:598] --------------- Options for column family [meta]:
2022/04/05-13:49:29.524146 7f12762c8000               Options.comparator: leveldb.BytewiseComparator
2022/04/05-13:49:29.524151 7f12762c8000           Options.merge_operator: None
2022/04/05-13:49:29.524155 7f12762c8000        Options.compaction_filter: None
2022/04/05-13:49:29.524168 7f12762c8000        Options.compaction_filter_factory: purged_slot_filter_factory(meta)
2022/04/05-13:49:29.524172 7f12762c8000  Options.sst_partitioner_factory: None
2022/04/05-13:49:29.524176 7f12762c8000         Options.memtable_factory: SkipListFactory
2022/04/05-13:49:29.524179 7f12762c8000            Options.table_factory: BlockBasedTable
2022/04/05-13:49:29.524298 7f12762c8000            table_factory options:   flush_block_policy_factory: FlushBlockBySizePolicyFactory (0x5637ae3b0ef0)
  cache_index_and_filter_blocks: 0
  cache_index_and_filter_blocks_with_high_priority: 1
  pin_l0_filter_and_index_blocks_in_cache: 0
  pin_top_level_index_and_filter: 1
  index_type: 0
  data_block_index_type: 0
  index_shortening: 1
  data_block_hash_table_util_ratio: 0.750000
  hash_index_allow_collision: 1
  checksum: 1
  no_block_cache: 0
  block_cache: 0x5637ae3b28d0
  block_cache_name: LRUCache
  block_cache_options:
    capacity : 8388608
    num_shard_bits : 4
    strict_capacity_limit : 0
    memory_allocator : None
    high_pri_pool_ratio: 0.000
  block_cache_compressed: (nil)
  persistent_cache: (nil)
  block_size: 4096
  block_size_deviation: 10
  block_restart_interval: 16
  index_block_restart_interval: 1
  metadata_block_size: 4096
  partition_filters: 0
  use_delta_encoding: 1
  filter_policy: nullptr
  whole_key_filtering: 1
  verify_compression: 0
  read_amp_bytes_per_bit: 0
  format_version: 5
  enable_index_compression: 1
  block_align: 0
2022/04/05-13:49:29.524310 7f12762c8000        Options.write_buffer_size: 268435456
2022/04/05-13:49:29.524315 7f12762c8000  Options.max_write_buffer_number: 8
2022/04/05-13:49:29.524319 7f12762c8000          Options.compression: NoCompression
2022/04/05-13:49:29.524406 7f12762c8000                  Options.bottommost_compression: Disabled
2022/04/05-13:49:29.524417 7f12762c8000       Options.prefix_extractor: nullptr
2022/04/05-13:49:29.524423 7f12762c8000   Options.memtable_insert_with_hint_prefix_extractor: nullptr
2022/04/05-13:49:29.524429 7f12762c8000             Options.num_levels: 7
2022/04/05-13:49:29.524435 7f12762c8000        Options.min_write_buffer_number_to_merge: 1
2022/04/05-13:49:29.524440 7f12762c8000     Options.max_write_buffer_number_to_maintain: 0
2022/04/05-13:49:29.524445 7f12762c8000     Options.max_write_buffer_size_to_maintain: 0
2022/04/05-13:49:29.524449 7f12762c8000            Options.bottommost_compression_opts.window_bits: -14
2022/04/05-13:49:29.524452 7f12762c8000                  Options.bottommost_compression_opts.level: 32767
2022/04/05-13:49:29.524456 7f12762c8000               Options.bottommost_compression_opts.strategy: 0
2022/04/05-13:49:29.524459 7f12762c8000         Options.bottommost_compression_opts.max_dict_bytes: 0
2022/04/05-13:49:29.524463 7f12762c8000         Options.bottommost_compression_opts.zstd_max_train_bytes: 0
2022/04/05-13:49:29.524466 7f12762c8000         Options.bottommost_compression_opts.parallel_threads: 1
2022/04/05-13:49:29.524470 7f12762c8000                  Options.bottommost_compression_opts.enabled: false
2022/04/05-13:49:29.524474 7f12762c8000         Options.bottommost_compression_opts.max_dict_buffer_bytes: 0
2022/04/05-13:49:29.524477 7f12762c8000            Options.compression_opts.window_bits: -14
2022/04/05-13:49:29.524481 7f12762c8000                  Options.compression_opts.level: 32767
2022/04/05-13:49:29.524484 7f12762c8000               Options.compression_opts.strategy: 0
2022/04/05-13:49:29.524487 7f12762c8000         Options.compression_opts.max_dict_bytes: 0
2022/04/05-13:49:29.524491 7f12762c8000         Options.compression_opts.zstd_max_train_bytes: 0
2022/04/05-13:49:29.524494 7f12762c8000         Options.compression_opts.parallel_threads: 1
2022/04/05-13:49:29.524497 7f12762c8000                  Options.compression_opts.enabled: false
2022/04/05-13:49:29.524501 7f12762c8000         Options.compression_opts.max_dict_buffer_bytes: 0
2022/04/05-13:49:29.524504 7f12762c8000      Options.level0_file_num_compaction_trigger: 4
2022/04/05-13:49:29.524508 7f12762c8000          Options.level0_slowdown_writes_trigger: 20
2022/04/05-13:49:29.524511 7f12762c8000              Options.level0_stop_writes_trigger: 36
2022/04/05-13:49:29.524514 7f12762c8000                   Options.target_file_size_base: 107374182
2022/04/05-13:49:29.524518 7f12762c8000             Options.target_file_size_multiplier: 1
2022/04/05-13:49:29.524521 7f12762c8000                Options.max_bytes_for_level_base: 1073741824
2022/04/05-13:49:29.524525 7f12762c8000 Options.level_compaction_dynamic_level_bytes: 0
2022/04/05-13:49:29.524528 7f12762c8000          Options.max_bytes_for_level_multiplier: 10.000000
2022/04/05-13:49:29.524537 7f12762c8000 Options.max_bytes_for_level_multiplier_addtl[0]: 1
2022/04/05-13:49:29.524541 7f12762c8000 Options.max_bytes_for_level_multiplier_addtl[1]: 1
2022/04/05-13:49:29.524545 7f12762c8000 Options.max_bytes_for_level_multiplier_addtl[2]: 1
2022/04/05-13:49:29.524548 7f12762c8000 Options.max_bytes_for_level_multiplier_addtl[3]: 1
2022/04/05-13:49:29.524552 7f12762c8000 Options.max_bytes_for_level_multiplier_addtl[4]: 1
2022/04/05-13:49:29.524555 7f12762c8000 Options.max_bytes_for_level_multiplier_addtl[5]: 1
2022/04/05-13:49:29.524558 7f12762c8000 Options.max_bytes_for_level_multiplier_addtl[6]: 1
2022/04/05-13:49:29.524562 7f12762c8000       Options.max_sequential_skip_in_iterations: 8
2022/04/05-13:49:29.524565 7f12762c8000                    Options.max_compaction_bytes: 2684354550
2022/04/05-13:49:29.524569 7f12762c8000                        Options.arena_block_size: 33554432
2022/04/05-13:49:29.524572 7f12762c8000   Options.soft_pending_compaction_bytes_limit: 68719476736
2022/04/05-13:49:29.524576 7f12762c8000   Options.hard_pending_compaction_bytes_limit: 274877906944
2022/04/05-13:49:29.524610 7f12762c8000       Options.rate_limit_delay_max_milliseconds: 100
2022/04/05-13:49:29.524615 7f12762c8000                Options.disable_auto_compactions: 0
2022/04/05-13:49:29.524622 7f12762c8000                        Options.compaction_style: kCompactionStyleLevel
2022/04/05-13:49:29.524627 7f12762c8000                          Options.compaction_pri: kMinOverlappingRatio
2022/04/05-13:49:29.524630 7f12762c8000 Options.compaction_options_universal.size_ratio: 1
2022/04/05-13:49:29.524634 7f12762c8000 Options.compaction_options_universal.min_merge_width: 2
2022/04/05-13:49:29.524637 7f12762c8000 Options.compaction_options_universal.max_merge_width: 4294967295
2022/04/05-13:49:29.524641 7f12762c8000 Options.compaction_options_universal.max_size_amplification_percent: 200
2022/04/05-13:49:29.524645 7f12762c8000 Options.compaction_options_universal.compression_size_percent: -1
2022/04/05-13:49:29.524649 7f12762c8000 Options.compaction_options_universal.stop_style: kCompactionStopStyleTotalSize
2022/04/05-13:49:29.524653 7f12762c8000 Options.compaction_options_fifo.max_table_files_size: 1073741824
2022/04/05-13:49:29.524657 7f12762c8000 Options.compaction_options_fifo.allow_compaction: 0
2022/04/05-13:49:29.524672 7f12762c8000                   Options.table_properties_collectors: 
2022/04/05-13:49:29.524676 7f12762c8000                   Options.inplace_update_support: 0
2022/04/05-13:49:29.524680 7f12762c8000                 Options.inplace_update_num_locks: 10000
2022/04/05-13:49:29.524683 7f12762c8000               Options.memtable_prefix_bloom_size_ratio: 0.000000
2022/04/05-13:49:29.524688 7f12762c8000               Options.memtable_whole_key_filtering: 0
2022/04/05-13:49:29.524692 7f12762c8000   Options.memtable_huge_page_size: 0
2022/04/05-13:49:29.524695 7f12762c8000                           Options.bloom_locality: 0
2022/04/05-13:49:29.524698 7f12762c8000                    Options.max_successive_merges: 0
2022/04/05-13:49:29.524702 7f12762c8000                Options.optimize_filters_for_hits: 0
2022/04/05-13:49:29.524705 7f12762c8000                Options.paranoid_file_checks: 0
2022/04/05-13:49:29.524708 7f12762c8000                Options.force_consistency_checks: 1
2022/04/05-13:49:29.524712 7f12762c8000                Options.report_bg_io_stats: 0
2022/04/05-13:49:29.524715 7f12762c8000                               Options.ttl: 2592000
2022/04/05-13:49:29.524719 7f12762c8000          Options.periodic_compaction_seconds: 2592000
2022/04/05-13:49:29.524722 7f12762c8000                    Options.enable_blob_files: false
2022/04/05-13:49:29.524725 7f12762c8000                        Options.min_blob_size: 0
2022/04/05-13:49:29.524729 7f12762c8000                       Options.blob_file_size: 268435456
2022/04/05-13:49:29.524733 7f12762c8000                Options.blob_compression_type: NoCompression
2022/04/05-13:49:29.524736 7f12762c8000       Options.enable_blob_garbage_collection: false
2022/04/05-13:49:29.524740 7f12762c8000   Options.blob_garbage_collection_age_cutoff: 0.250000
2022/04/05-13:49:29.524907 7f12762c8000 [db/column_family.cc:598] --------------- Options for column family [dead_slots]:
2022/04/05-13:49:29.524917 7f12762c8000               Options.comparator: leveldb.BytewiseComparator
2022/04/05-13:49:29.524921 7f12762c8000           Options.merge_operator: None
2022/04/05-13:49:29.524925 7f12762c8000        Options.compaction_filter: None
2022/04/05-13:49:29.524929 7f12762c8000        Options.compaction_filter_factory: purged_slot_filter_factory(dead_slots)
2022/04/05-13:49:29.524933 7f12762c8000  Options.sst_partitioner_factory: None
2022/04/05-13:49:29.524937 7f12762c8000         Options.memtable_factory: SkipListFactory
2022/04/05-13:49:29.524941 7f12762c8000            Options.table_factory: BlockBasedTable
2022/04/05-13:49:29.525011 7f12762c8000            table_factory options:   flush_block_policy_factory: FlushBlockBySizePolicyFactory (0x5637ae3b4b40)
  cache_index_and_filter_blocks: 0
  cache_index_and_filter_blocks_with_high_priority: 1
  pin_l0_filter_and_index_blocks_in_cache: 0
  pin_top_level_index_and_filter: 1
  index_type: 0
  data_block_index_type: 0
  index_shortening: 1
  data_block_hash_table_util_ratio: 0.750000
  hash_index_allow_collision: 1
  checksum: 1
  no_block_cache: 0
  block_cache: 0x5637ae3b4b90
  block_cache_name: LRUCache
  block_cache_options:
    capacity : 8388608
    num_shard_bits : 4
    strict_capacity_limit : 0
    memory_allocator : None
    high_pri_pool_ratio: 0.000
  block_cache_compressed: (nil)
  persistent_cache: (nil)
  block_size: 4096
  block_size_deviation: 10
  block_restart_interval: 16
  index_block_restart_interval: 1
  metadata_block_size: 4096
  partition_filters: 0
  use_delta_encoding: 1
  filter_policy: nullptr
  whole_key_filtering: 1
  verify_compression: 0
  read_amp_bytes_per_bit: 0
  format_version: 5
  enable_index_compression: 1
  block_align: 0
2022/04/05-13:49:29.525051 7f12762c8000        Options.write_buffer_size: 268435456
2022/04/05-13:49:29.525057 7f12762c8000  Options.max_write_buffer_number: 8
2022/04/05-13:49:29.525061 7f12762c8000          Options.compression: NoCompression
2022/04/05-13:49:29.525065 7f12762c8000                  Options.bottommost_compression: Disabled
2022/04/05-13:49:29.525069 7f12762c8000       Options.prefix_extractor: nullptr
2022/04/05-13:49:29.525073 7f12762c8000   Options.memtable_insert_with_hint_prefix_extractor: nullptr
2022/04/05-13:49:29.525077 7f12762c8000             Options.num_levels: 7
2022/04/05-13:49:29.525081 7f12762c8000        Options.min_write_buffer_number_to_merge: 1
2022/04/05-13:49:29.525085 7f12762c8000     Options.max_write_buffer_number_to_maintain: 0
2022/04/05-13:49:29.525089 7f12762c8000     Options.max_write_buffer_size_to_maintain: 0
2022/04/05-13:49:29.525093 7f12762c8000            Options.bottommost_compression_opts.window_bits: -14
2022/04/05-13:49:29.525097 7f12762c8000                  Options.bottommost_compression_opts.level: 32767
2022/04/05-13:49:29.525101 7f12762c8000               Options.bottommost_compression_opts.strategy: 0
2022/04/05-13:49:29.525105 7f12762c8000         Options.bottommost_compression_opts.max_dict_bytes: 0
2022/04/05-13:49:29.525109 7f12762c8000         Options.bottommost_compression_opts.zstd_max_train_bytes: 0
2022/04/05-13:49:29.525112 7f12762c8000         Options.bottommost_compression_opts.parallel_threads: 1
2022/04/05-13:49:29.525116 7f12762c8000                  Options.bottommost_compression_opts.enabled: false
2022/04/05-13:49:29.525120 7f12762c8000         Options.bottommost_compression_opts.max_dict_buffer_bytes: 0
2022/04/05-13:49:29.525124 7f12762c8000            Options.compression_opts.window_bits: -14
2022/04/05-13:49:29.525128 7f12762c8000                  Options.compression_opts.level: 32767
2022/04/05-13:49:29.525132 7f12762c8000               Options.compression_opts.strategy: 0
2022/04/05-13:49:29.525136 7f12762c8000         Options.compression_opts.max_dict_bytes: 0
2022/04/05-13:49:29.525140 7f12762c8000         Options.compression_opts.zstd_max_train_bytes: 0
2022/04/05-13:49:29.525143 7f12762c8000         Options.compression_opts.parallel_threads: 1
2022/04/05-13:49:29.525147 7f12762c8000                  Options.compression_opts.enabled: false
2022/04/05-13:49:29.525151 7f12762c8000         Options.compression_opts.max_dict_buffer_bytes: 0
2022/04/05-13:49:29.525155 7f12762c8000      Options.level0_file_num_compaction_trigger: 4
2022/04/05-13:49:29.525159 7f12762c8000          Options.level0_slowdown_writes_trigger: 20
2022/04/05-13:49:29.525163 7f12762c8000              Options.level0_stop_writes_trigger: 36
2022/04/05-13:49:29.525166 7f12762c8000                   Options.target_file_size_base: 107374182
2022/04/05-13:49:29.525170 7f12762c8000             Options.target_file_size_multiplier: 1
2022/04/05-13:49:29.525174 7f12762c8000                Options.max_bytes_for_level_base: 1073741824
2022/04/05-13:49:29.525178 7f12762c8000 Options.level_compaction_dynamic_level_bytes: 0
2022/04/05-13:49:29.525182 7f12762c8000          Options.max_bytes_for_level_multiplier: 10.000000
2022/04/05-13:49:29.525210 7f12762c8000 Options.max_bytes_for_level_multiplier_addtl[0]: 1
2022/04/05-13:49:29.525216 7f12762c8000 Options.max_bytes_for_level_multiplier_addtl[1]: 1
2022/04/05-13:49:29.525220 7f12762c8000 Options.max_bytes_for_level_multiplier_addtl[2]: 1
2022/04/05-13:49:29.525224 7f12762c8000 Options.max_bytes_for_level_multiplier_addtl[3]: 1
2022/04/05-13:49:29.525228 7f12762c8000 Options.max_bytes_for_level_multiplier_addtl[4]: 1
2022/04/05-13:49:29.525232 7f12762c8000 Options.max_bytes_for_level_multiplier_addtl[5]: 1
2022/04/05-13:49:29.525235 7f12762c8000 Options.max_bytes_for_level_multiplier_addtl[6]: 1
2022/04/05-13:49:29.525239 7f12762c8000       Options.max_sequential_skip_in_iterations: 8
2022/04/05-13:49:29.525243 7f12762c8000                    Options.max_compaction_bytes: 2684354550
2022/04/05-13:49:29.525247 7f12762c8000                        Options.arena_block_size: 33554432
2022/04/05-13:49:29.525251 7f12762c8000   Options.soft_pending_compaction_bytes_limit: 68719476736
2022/04/05-13:49:29.525255 7f12762c8000   Options.hard_pending_compaction_bytes_limit: 274877906944
2022/04/05-13:49:29.525259 7f12762c8000       Options.rate_limit_delay_max_milliseconds: 100
2022/04/05-13:49:29.525263 7f12762c8000                Options.disable_auto_compactions: 0
2022/04/05-13:49:29.525268 7f12762c8000                        Options.compaction_style: kCompactionStyleLevel
2022/04/05-13:49:29.525272 7f12762c8000                          Options.compaction_pri: kMinOverlappingRatio
2022/04/05-13:49:29.525276 7f12762c8000 Options.compaction_options_universal.size_ratio: 1
2022/04/05-13:49:29.525279 7f12762c8000 Options.compaction_options_universal.min_merge_width: 2
2022/04/05-13:49:29.525283 7f12762c8000 Options.compaction_options_universal.max_merge_width: 4294967295
2022/04/05-13:49:29.525287 7f12762c8000 Options.compaction_options_universal.max_size_amplification_percent: 200
2022/04/05-13:49:29.525291 7f12762c8000 Options.compaction_options_universal.compression_size_percent: -1
2022/04/05-13:49:29.525296 7f12762c8000 Options.compaction_options_universal.stop_style: kCompactionStopStyleTotalSize
2022/04/05-13:49:29.525300 7f12762c8000 Options.compaction_options_fifo.max_table_files_size: 1073741824
2022/04/05-13:49:29.525304 7f12762c8000 Options.compaction_options_fifo.allow_compaction: 0
2022/04/05-13:49:29.525313 7f12762c8000                   Options.table_properties_collectors: 
2022/04/05-13:49:29.525317 7f12762c8000                   Options.inplace_update_support: 0
2022/04/05-13:49:29.525321 7f12762c8000                 Options.inplace_update_num_locks: 10000
2022/04/05-13:49:29.525325 7f12762c8000               Options.memtable_prefix_bloom_size_ratio: 0.000000
2022/04/05-13:49:29.525330 7f12762c8000               Options.memtable_whole_key_filtering: 0
2022/04/05-13:49:29.525334 7f12762c8000   Options.memtable_huge_page_size: 0
2022/04/05-13:49:29.525338 7f12762c8000                           Options.bloom_locality: 0
2022/04/05-13:49:29.525342 7f12762c8000                    Options.max_successive_merges: 0
2022/04/05-13:49:29.525346 7f12762c8000                Options.optimize_filters_for_hits: 0
2022/04/05-13:49:29.525349 7f12762c8000                Options.paranoid_file_checks: 0
2022/04/05-13:49:29.525353 7f12762c8000                Options.force_consistency_checks: 1
2022/04/05-13:49:29.525357 7f12762c8000                Options.report_bg_io_stats: 0
2022/04/05-13:49:29.525361 7f12762c8000                               Options.ttl: 2592000
2022/04/05-13:49:29.525364 7f12762c8000          Options.periodic_compaction_seconds: 2592000
2022/04/05-13:49:29.525368 7f12762c8000                    Options.enable_blob_files: false
2022/04/05-13:49:29.525372 7f12762c8000                        Options.min_blob_size: 0
2022/04/05-13:49:29.525376 7f12762c8000                       Options.blob_file_size: 268435456
2022/04/05-13:49:29.525380 7f12762c8000                Options.blob_compression_type: NoCompression
2022/04/05-13:49:29.525384 7f12762c8000       Options.enable_blob_garbage_collection: false
2022/04/05-13:49:29.525409 7f12762c8000   Options.blob_garbage_collection_age_cutoff: 0.250000
2022/04/05-13:49:29.525532 7f12762c8000 [db/column_family.cc:598] --------------- Options for column family [duplicate_slots]:
2022/04/05-13:49:29.525539 7f12762c8000               Options.comparator: leveldb.BytewiseComparator
2022/04/05-13:49:29.525543 7f12762c8000           Options.merge_operator: None
2022/04/05-13:49:29.525547 7f12762c8000        Options.compaction_filter: None
2022/04/05-13:49:29.525551 7f12762c8000        Options.compaction_filter_factory: purged_slot_filter_factory(duplicate_slots)
2022/04/05-13:49:29.525555 7f12762c8000  Options.sst_partitioner_factory: None
2022/04/05-13:49:29.525559 7f12762c8000         Options.memtable_factory: SkipListFactory
2022/04/05-13:49:29.525563 7f12762c8000            Options.table_factory: BlockBasedTable
2022/04/05-13:49:29.525648 7f12762c8000            table_factory options:   flush_block_policy_factory: FlushBlockBySizePolicyFactory (0x5637ae3b6e00)
  cache_index_and_filter_blocks: 0
  cache_index_and_filter_blocks_with_high_priority: 1
  pin_l0_filter_and_index_blocks_in_cache: 0
  pin_top_level_index_and_filter: 1
  index_type: 0
  data_block_index_type: 0
  index_shortening: 1
  data_block_hash_table_util_ratio: 0.750000
  hash_index_allow_collision: 1
  checksum: 1
  no_block_cache: 0
  block_cache: 0x5637ae3b6e50
  block_cache_name: LRUCache
  block_cache_options:
    capacity : 8388608
    num_shard_bits : 4
    strict_capacity_limit : 0
    memory_allocator : None
    high_pri_pool_ratio: 0.000
  block_cache_compressed: (nil)
  persistent_cache: (nil)
  block_size: 4096
  block_size_deviation: 10
  block_restart_interval: 16
  index_block_restart_interval: 1
  metadata_block_size: 4096
  partition_filters: 0
  use_delta_encoding: 1
  filter_policy: nullptr
  whole_key_filtering: 1
  verify_compression: 0
  read_amp_bytes_per_bit: 0
  format_version: 5
  enable_index_compression: 1
  block_align: 0
2022/04/05-13:49:29.525654 7f12762c8000        Options.write_buffer_size: 268435456
2022/04/05-13:49:29.525658 7f12762c8000  Options.max_write_buffer_number: 8
2022/04/05-13:49:29.525662 7f12762c8000          Options.compression: NoCompression
2022/04/05-13:49:29.525666 7f12762c8000                  Options.bottommost_compression: Disabled
2022/04/05-13:49:29.525670 7f12762c8000       Options.prefix_extractor: nullptr
2022/04/05-13:49:29.525674 7f12762c8000   Options.memtable_insert_with_hint_prefix_extractor: nullptr
2022/04/05-13:49:29.525678 7f12762c8000             Options.num_levels: 7
2022/04/05-13:49:29.525682 7f12762c8000        Options.min_write_buffer_number_to_merge: 1
2022/04/05-13:49:29.525686 7f12762c8000     Options.max_write_buffer_number_to_maintain: 0
2022/04/05-13:49:29.525689 7f12762c8000     Options.max_write_buffer_size_to_maintain: 0
2022/04/05-13:49:29.525693 7f12762c8000            Options.bottommost_compression_opts.window_bits: -14
